$ANSIBLE_VAULT;1.1;AES256
39383630653762666564396631633834646134323232623931326234666233363435626366663761
3533373561326330653230663639333632373936376134340a626535633734613234633233666136
37353431366162363639643461646362336165613534623236316564623161626361316661633366
3033613538663864350a376336393435306534393565386265613663616664643839323961393765
35306466376635313562363931363663303432643135616666316435303030373638613830323063
39383334383034306461346233343639373534633766613435303638663238313835346535313261
34613730653734383636303962306261363737366462353764316665313439626439316130613635
39323834343734313136613033616364633761376631363766353565363266666335616239623766
61376262656462623064346233373561333739376435306433626364356664383264646239653963
37393536303662353831653138343235653835356366666235353130663639363836643230653365
65663436633135613134373438643032656333396233313039663538313062303434303363616537
31643362393437313236343164313431663333366433393732323235313931376461373933656463
62386563636163643038323865643865373531323166306161616139336466626163326436373261
34326537653666383162313434323437633866356666366433363239333164623665376561363035
32653536666666326135373130316335333761313761616362313162396662383536306363323637
63646261643538373365636365633330633537343636356665393266656234353530636537613331
65626535306331633065646362333134653834613937346461336165306434363064663330303032
33366266366238623939303339366236393937396362313333393831323764623335356433643063
62336133346132383833326634623332303039336332663830303732356466643565636631626437
35303939363633363030353136636364623366356466646164616663333664633166633637386362
63336661353931636365383434316638373164313466313737356331316438383837616361353439
64346462333664613764376435623537333632366363333635356433373637363034343664353534
34313439393131323361623862313739313832313461666462393738613031373361313033303462
34323335373563643430303965343932323662356437313064326631663664636134636537316465
64663033376331353566626134343531396533356333663865393836636438373766303866613464
64653135643136626535663562386466636363353962623533633961323364313633646432386264
36333735343131303035613835353631636265376438633234663664653762636265336365376161
39643538326461333631
